122
185
231
292
316
329
355
356
362
364
370
377
420
466
480
520
539
586
588
589
594
616
110
151
213
1148
1246
1252
1564
1597
1674
3408
3684
4535
4677
4995
5527
6377
6539
7153
8529
8533
8783
27821
34
150
153
161
165
266
317
410
500
587
590
592
595
6
32
47
50
70
104
145
163
215
216
240
288
290
328
338
353
372
479
514
527
541
593
608
610
678
736
778
780
799
849
1036
1060
1061
1079
1083
1089
1129
1136
1196
1197
1198
1200
1214
1215
1234
1240
1262
1270
1291
1320
1347
1358
1370
1391
1395
1425
1517
1527
1580
1591
1617
1625
1658
1673
1676
1690
1732
1748
1754
1805
1831
1883
1918
1973
2000
2002
2004
2005
2011
2012
2072
2115
2140
2167
2193
2253
2278
2322
2329
2387
2431
2490
2496
2542
2571
2598
2600
2606
2617
2618
2683
2762
2841
2858
2889
2893
2913
2916
2959
2997
3033
3052
3081
3114
3175
3254
3258
3264
3300
3409
3471
3526
3527
3578
3686
3698
3701
3703
3717
3740
3745
3751
3752
3793
3809
3810
3897
3948
3977
3994
3996
4002
4011
4018
4027
4128
4203
4226
4251
4270
4306
4387
4452
4499
4624
4681
4734
4744
4758
4844
4874
4878
4886
4887
4954
4958
4963
4978
4979
5010
5014
5047
5110
5152
5218
5254
5283
5349
5388
5459
5478
5481
5502
5507
5574
5669
5673
5903
6296
6333
6365
6378
6440
6502
6548
6567
6663
6695
6709
6754
6870
6873
6874
6934
6947
6953
6957
6977
7000
7007
7046
7090
7143
7173
7193
7254
7324
7325
7347
7360
7373
7376
7438
7445
7454
7458
8360
8371
8528
8633
8644
8665
8798
8810
8874
8961
8968
8985
26555
30825
32302
235
1080
1288
1500
1653
2174
2502
2640
3429
4034
7361
26131
38061
44761
17
21
36
42
62
85
111
236
265
357
457
509
515
531
597
613
802
1041
1056
1094
1096
1131
1132
1172
1183
1186
1190
1193
1208
1216
1225
1231
1233
1263
1264
1273
1277
1293
1295
1296
1305
1307
1569
1619
1643
1678
1680
1730
1784
1810
1835
1913
1955
1960
1962
2020
2022
2028
2075
2112
2194
2291
2352
2397
2745
2852
2872
2917
2931
2938
2943
3067
3068
260
349
440
733
750
858
908
920
1028
1081
1097
1210
1219
1333
1374
1375
1376
1387
1544
1610
1909
1947
2091
2396
2405
2406
2407
2424
2470
2471
2565
2581
2620
2671
2686
2716
2746
3061
29
924
1077
1127
1175
1199
1206
1306
1570
1573
1779
2360
903
915
965
1249
1321
1997
2054
2094
2353
2648
3101
3147
3435
3516
3704
4102
4326
4344
5007
5122
5651
5952
6316
10
23
25
45
95
253
296
318
342
345
380
481
494
508
805
832
838
1004
1047
1059
1090
1092
1093
1188
1220
1222
1242
1255
1266
1275
1298
1299
1339
1343
1344
1378
1552
1608
1641
1704
1722
1777
1923
1954
1968
2001
2006
2058
2138
2150
2268
2359
2403
2467
2476
2541
2572
2700
2706
2710
2763
2915
2918
2944
3020
3039
3082
3176
3203
3210
3252
3256
3396
3418
3448
3535
3682
3702
3753
3868
4008
4014
4084
4085
4308
4327
4703
4776
4855
4865
5049
5055
5785
6323
6707
6807
13
28
31
40
46
74
112
141
207
222
224
246
249
261
277
279
282
300
327
339
450
474
475
491
497
543
585
596
720
829
899
902
904
914
916
951
953
954
971
1022
1025
1027
1032
1033
1073
1088
1099
1101
1103
1125
1177
1192
1203
1207
1223
1224
1226
1227
1230
1259
1268
1271
1274
1278
1282
1290
1297
1300
1302
1304
1367
1380
1394
1408
1411
1441
1479
1588
5060
208
482
1
5
7
64
647
648
708
786
788
852
1356
1393
434
454
628
836
2100
2143
2144
2145
2161
2245
2301
2371
2374
2375
3
11
43
92
107
116
230
248
344
367
368
371
383
432
524
551
553
637
661
783
848
919
932
1020
1023
1029
1035
1042
1049
1064
1201
1247
1258
1265
1345
1377
1390
1409
1489
1566
24
73
293
333
376
379
442
542
552
879
1037
1357
1485
1590
1620
1682
1693
1721
1801
1837
1873
1876
1961
2120
2125
2273
2296
2297
2320
2334
2394
2412
2539
2679
2687
2699
2805
2808
2826
2840
3107
3108
3178
3249
3250
3270
3489
3499
3513
3615
3980
4103
1921
2321
2340
2594
2692
2712
2890
2987
3160
3556
3949
5666
6067
6708
8917
8950
15
16
18
39
180
223
250
409
431
486
546
555
671
700
785
837
934
1015
1204
1213
1221
1228
1461
1466
1601
1639
1642
1729
1806
1840
1889
1912
1917
1919
2019
2060
2081
2083
2089
2123
2124
2142
2355
2409
2423
2694
2717
2791
2804
2908
2953
2976
3034
3087
3219
3246
3263
3298
3301
3327
3362
3386
3397
3424
3438
3439
3440
3481
3483
3552
3614
3826
3911
4010
4090
4232
4246
4262
4544
4623
4679
4720
4951
4993
5002
5025
5064
5102
5103
5159
5265
5293
5539
5541
5589
5630
5670
5679
5782
5902
5954
5956
5989
6001
6220
6534
428
441
714
866
1147
1248
2447
2605
3173
898
900
910
912
1772
2078
2087
2146
2248
2369
2657
2795
2797
3072
3255
3361
3421
3604
3671
125
162
314
348
477
529
549
562
602
803
955
994
1034
1095
1120
1179
1235
1244
1276
1285
1354
1392
1594
1834
1966
2064
2111
2171
2289
2324
2331
2395
2570
2599
2677
3006
3125
695
1327
1965
2160
2401
3929
3932
3985
267
3755
4369
5401
47200
49651
54272
54775
55282
56174
59103
52
58
194
406
417
471
492
534
615
728
753
901
905
906
909
911
913
918
922
923
926
928
929
930
931
933
937
941
942
945
946
947
949
950
969
1013
1057
1066
1086
1104
1124
1150
1152
1178
1185
1211
1238
1254
1256
1269
1272
1279
1283
1284
1337
1571
1683
1684
1719
1836
1929
1936
1938
1939
1942
1944
1945
1946
1948
1957
1959
1963
2013
2018
2057
2065
2066
2067
2069
2076
2099
2130
2135
2176
2178
2182
2183
2184
2185
2186
2187
2202
2203
2204
2205
2206
2208
2212
2243
2333
2593
2612
2690
2708
2729
2747
2927
2939
2940
2941
2947
2973
3011
3022
3037
3044
3062
3088
3095
3097
3102
3152
3201
3260
3262
3307
3334
3341
3363
3379
3405
3475
3504
3543
3546
3580
3606
3629
3654
3683
3685
3730
3801
3808
3813
3831
3849
4037
4062
4077
4136
4186
4223
4263
4280
4361
4381
4464
4546
4733
4754
4784
4808
4840
4848
4881
4914
4920
4926
4932
4969
4970
4973
5013
5120
5135
5299
5367
5434
6711
6787
6993
7215
8208
8464
8781
8949
8966
25777
25856
25927
25996
26116
31617
33237
34528
36517
39292
40583
41285
45447
45720
45950
46578
47610
48394
49932
50064
800
1212
1340
2433
2993
3060
986
2906
3185
3534
3798
4823
5237
5292
5346
412
680
940
1078
1084
1209
1217
1232
1250
1253
1260
1281
1348
1701
1934
1935
1941
2010
2177
2181
2207
2209
2210
2211
2219
2221
2227
2290
2351
2366
2474
2660
2726
2728
2731
2750
2935
2948
2949
2951
2966
2989
2990
3000
3030
3089
3129
3134
3140
3232
3306
3310
3311
3365
3462
3468
3487
3503
3507
3559
3618
3632
3635
3640
3641
3676
3681
3742
3812
3814
3984
4005
4323
4329
4356
4359
4392
4393
4401
4404
4406
4408
4409
4628
4768
4802
5008
5017
5177
5291
5304
5339
5397
5440
5826
5937
6100
6254
6273
6401
6409
6426
6429
6522
6573
6579
6581
6584
6611
6643
6650
6662
6666
6783
6985
7013
7064
7065
7070
7072
7073
7074
7091
7116
7132
7136
7210
7212
7218
7234
7243
7327
7419
7569
7573
7581
7700
7706
7933
7934
7943
7983
8042
8125
8154
8198
8199
8228
8235
8239
8275
8336
8507
8511
8542
8596
8601
8620
8670
8980
25769
25788
25938
25940
26242
26391
30707
30812
32316
33166
33312
33794
37741
37830
41997
44694
45210
46967
48516
9
12
61
66
76
79
86
88
102
135
140
640
653
667
673
692
694
704
707
719
724
737
743
748
761
765
798
809
830
839
880
886
891
990
996
1102
1422
1427
1429
1497
1499
1515
1518
1525
1562
1578
199
337
769
831
892
927
1019
1054
1251
1267
1660
1734
1885
1907
1952
1956
1958
2080
2085
2132
2133
2294
2303
2312
2313
2349
2390
2391
2550
2622
2644
2662
2719
2721
2725
2732
2739
2761
2857
2863
2870
2919
2920
2923
2926
2971
2985
2988
3028
3075
3141
3168
3248
639
2702
44
168
225
252
257
281
427
154
1635
2871
3019
3096
3100
3112
3169
1844
2357
2839
745
2389
3005
5747
5995
6104
6591
7367
8491
38038
48738
53123
53956
54190
55247
55820
101
262
319
599
663
861
921
944
968
1218
1261
1350
1584
1753
2108
2282
2288
2336
2354
2384
2398
2455
2529
2654
2664
2788
2819
2880
3018
3104
3213
3253
3275
3359
3360
3545
3576
3608
3624
3760
3819
3959
3972
186
315
6213
32029
32587
45722
71
204
227
544
196
232
452
147
176
322
521
507
2023
2232
2532
3706
4148
4690
5900
917
5377
5618
6350
6863
8969
31658
41569
41571
44191
44195
46976
48385
49957
52973
53996
54503
56367
1366
214
2302
1372
1953
2046
2137
2141
2669
2701
2723
2901
3153
1513
2041
2672
2770
3623
4022
19
234
516
575
1405
1407
1476
1644
1717
1895
1974
1982
2410
2411
2420
2421
2422
2628
3113
3247
3273
3444
3510
3785
3916
4023
4025
4132
4310
4453
4568
4569
4701
4718
5065
5066
5108
5127
5378
5418
5445
5449
5804
5969
6287
6503
6586
6615
6793
7164
8368
8636
8640
144
177
306
307
308
14
100
2
523
952
973
991
1292
1334
1927
2017
2311
2691
2730
2877
2899
2956
2968
2991
3035
3076
3174
3198
1303
1396
2231
4641
4880
5294
5899
6016
6576
6979
8340
8575
8581
8914
30810
33493
42718
44199
1586
1894
3479
6952
38798
42728
46335
47382
49286
49530
51834
52604
53322
54259
55872
58103
58154
58998
59501
517
2082
2688
3555
4033
4816
4917
5400
5464
41
766
1053
1464
1809
4336
5690
198
3512
1301
2921
1916
4741
6291
7034
7044
7371
55
82
96
247
272
334
373
501
630
635
806
1184
1189
1236
1365
1446
1465
2641
3159
3633
3724
5113
27
38
48
54
60
87
89
105
146
158
160
169
173
239
256
258
274
276
289
304
351
536
554
609
688
754
1012
1021
2580
5500
8010
229
336
408
1661
2983
4424
1009
1848
2015
2427
2453
3554
3861
4117
755
1171
1245
1416
1449
1950
2300
2905
2929
3148
3639
3754
3967
4177
4187
4212
4349
4427
4783
4896
5446
5498
5796
5816
5971
6125
6218
6385
7099
7121
7139
7323
7489
7523
7720
7836
7925
8580
8622
8879
26662
26776
27456
27731
31026
34405
40815
42197
49822
59141
1257
1287
1797
2579
3451
4019
4616
4975
7147
7386
8970
30749
44665
5523
6958
7444
8830
39400
43904
43936
44004
44397
45081
45726
51662
51937
2325
2642
1645
2707
3078
3317
3617
3825
3857
3969
4901
5107
57
63
118
174
203
205
212
346
358
407
413
414
415
429
433
435
522
603
627
710
784
833
851
1121
1126
1194
1431
1442
1454
1468
1503
1541
1629
1646
1663
1747
1755
1969
1970
1994
2003
2021
2048
2106
2109
2110
2118
2134
2139
2155
2169
2195
2249
2261
2271
2335
2348
2372
2402
2413
2414
2416
2450
2463
2478
2485
2501
2504
2509
2518
2596
2643
2718
2735
2772
2794
2796
2862
2891
2946
2952
3031
3040
3071
3074
3098
3105
3146
3243
3261
3271
3358
3387
3394
3450
3477
3480
3511
3515
3524
3525
3591
3596
3679
3688
3725
3743
3773
3791
3844
3877
4003
4012
4016
4040
4066
4067
4105
4121
4131
4135
4149
4214
4215
4219
4221
4229
4247
4276
4293
4299
4322
4333
4415
4418
4467
4489
4509
4525
4558
4571
4584
4585
4591
4595
4600
4617
4649
4662
4675
4678
4732
4787
4799
4909
4929
4974
4988
4990
5015
5053
5077
5101
5125
5146
5151
5245
5250
5255
5303
5310
5331
5391
5421
5422
5438
5528
5577
5584
5620
5650
5662
5768
5879
5885
5991
5992
6025
6044
6122
6155
6157
6166
6187
6188
6204
6315
6347
6348
448
665
760
1237
1241
1289
1483
1587
1884
2318
2344
2488
2843
2924
3091
3265
3328
3339
3470
3869
3910
4009
4235
4378
4407
4426
4437
4438
4444
4470
4658
4846
4967
5059
5225
5244
5298
5477
5483
5508
5569
5570
5959
6003
6062
6197
6283
6286
6301
6331
6461
6530
6552
6721
6755
6772
6858
6920
7022
7042
7063
7076
7124
7387
7486
7618
7649
7769
7892
7893
7981
8014
8501
8589
8928
25764
26585
26939
27317
27410
27592
27700
27773
27801
27822
27904
30820
31878
36529
37733
39381
42632
45183
46970
48774
48856
49272
50601
54001
54286
123
303
1361
1371
1713
485
875
3066
3986
8132
8493
27846
854
1951
1892
1949
2528
3505
4939
40629
2815
69
741
1882
2275
3156
3863
3981
4446
4545
4553
5219
6297
6541
6659
6753
6764
6969
7293
7451
7481
7708
7810
8169
8641
631
662
742
1399
218
347
350
381
444
3093
3467
3508
3871
2879
6156
3612
6987
8477
33004
4834
65
1920
2314
3354
3581
45728
1091
1589
6794
6944
35836
51255
51935
60126
20
22
68
280
361
382
423
426
1082
1373
1385
1173
1459
2583
1280
1419
1757
3224
3783
4422
4927
5147
5300
6235
6339
6669
6791
7256
7478
7482
7728
7762
7766
7938
8195
50068
51540
691
2316
117
455
681
1007
1030
1085
1523
1688
1711
2009
2014
2034
2090
2159
2287
2696
2720
3070
3272
3452
3519
3521
3729
3744
3864
3990
4218
4351
4443
4552
4713
4809
4889
4915
4941
4947
4964
4980
5072
5162
5311
5334
5540
5636
5843
6094
6303
4
35
78
113
121
155
164
171
195
211
242
268
271
299
301
324
352
374
418
425
446
465
483
488
489
505
506
525
538
569
580
621
650
762
767
801
804
896
943
997
1046
1113
1187
1243
1317
1353
1363
1401
1404
1412
1413
1417
1440
1457
1480
1482
1498
1535
1537
1542
1593
1598
1614
1624
1633
1650
1667
1670
1672
1686
1694
1725
1727
1749
1759
1794
1824
1827
1833
1870
1872
1879
1888
1893
1896
1898
1911
1914
1937
1940
1964
2029
2070
2114
2154
2166
2197
2236
2237
2247
2250
2252
2266
2276
2341
2408
2417
2436
2437
2442
2443
2457
2468
2469
2482
2493
2511
2520
2524
2546
2563
2567
2569
2607
2610
2611
2630
2639
2682
2711
2724
2736
2738
2764
2771
2779
2801
2837
2842
2861
2874
2875
2881
2912
2936
2942
2975
2996
3045
3079
3083
3099
3103
3111
3115
3118
3120
3128
3135
3155
3157
3163
3179
3181
3189
3304
3353
3536
3565
3566
3569
3594
3712
3713
3720
3827
3862
3893
3952
3982
3983
3998
3999
4017
4028
4029
4031
4055
4119
4225
4234
4245
4370
4479
4646
4710
4722
4723
4729
4774
4782
4814
4866
4903
4968
5009
5051
5073
5112
5222
5223
5266
5267
5282
5316
5364
5447
5453
5479
5563
5572
5617
5625
5634
5635
5682
5685
5688
5707
5812
5875
5876
5878
5896
5955
5957
5994
5996
6059
6215
6217
6279
6466
6565
6617
6867
6879
6892
6932
6954
7137
7151
7162
7165
7167
8366
8532
8645
8784
8866
8943
114
897
936
948
1286
1687
1735
1792
2151
2180
2531
2533
2621
2803
2950
2969
3073
3130
495
1648
3292
3476
3741
3947
4006
5198
4061
326
5119
6380
7564
26064
27391
32387
33564
54881
711
810
818
842
1105
363
674
2859
3007
3357
3456
3626
3756
3788
3859
4021
4304
4643
438
458
964
1100
1606
2126
2162
2376
2393
2670
2860
2922
3053
3196
3197
3367
3404
3441
3494
3628
3643
3763
3836
3873
4039
4041
4042
4045
4047
4106
4111
99
305
537
1799
3622
4291
4478
4692
4981
5602
5603
6786
6852
6893
7084
7206
7394
7410
1359
3274
159
183
881
1135
170
278
581
860
1471
535
668
670
702
729
757
970
999
1050
1151
1161
1176
1369
1554
1572
1649
1695
1785
1875
2131
2363
2495
2575
2844
2894
2932
2970
3133
3217
3221
3223
3355
3415
3518
3533
3592
3645
3735
3739
4035
4144
4283
4298
4405
4419
4432
4433
4506
4708
4826
4888
4912
4928
5169
5202
5236
5269
5272
5327
5333
5398
5489
5494
5515
5516
5560
5613
5686
5788
5932
5951
6021
6023
6031
6035
6214
6241
6268
6271
6412
6433
6460
6506
6538
6675
6722
6818
6869
6898
6918
6935
7008
7038
7043
7067
7135
7156
7209
7301
7335
7745
7748
7749
7759
7820
7880
7889
7895
7924
7926
7940
7941
8197
8256
8370
8405
8584
8602
8638
8691
8724
8738
8740
8772
8785
8786
8930
8951
8973
8981
9018
25774
25805
25923
25971
25993
26055
26111
26119
26151
26178
26318
26578
26840
27266
27727
27741
27768
27776
27834
31347
31437
31590
31952
31956
33193
33585
34048
34148
34155
34542
42217
44657
47778
2505
3784
4069
4238
4661
2163
2792
3347
3723
3988
4174
4321
5444
59
81
94
149
156
172
259
335
341
369
456
464
496
503
504
512
583
864
869
1116
1202
1336
1364
1379
1414
1545
1546
1603
1615
1616
1689
1696
1791
1845
1857
1861
1904
1924
2024
2068
2086
2093
2097
2105
2117
2148
2189
2238
2239
2272
2295
2310
2342
2350
2370
2435
2439
2456
2540
2551
2557
2582
2616
2625
2693
2752
2759
2793
2810
2830
2849
2867
2986
3008
3046
3241
3266
3267
3276
3342
3384
3551
3571
3726
3727
3728
3747
3852
3876
3915
3966
4020
4036
4038
4166
4190
4210
4272
4350
4383
4448
4465
4498
4531
4570
4612
4640
4833
4868
5027
5325
5504
5524
5553
5674
5689
5693
5752
5820
5867
5893
5914
5968
6027
6210
6264
6300
6448
6467
6583
6618
6620
6624
6664
6667
6773
6806
6808
6857
7025
7027
7028
7118
7263
7348
7382
7460
7561
7566
7587
7802
7844
7897
8094
8117
8157
8207
8327
8334
8492
8495
8520
8623
8983
8984
25750
26171
26172
26375
27005
27721
27831
31086
31101
31420
31485
31696
31705
31770
31923
32179
32596
32770
33437
34332
37857
39183
40412
40414
40870
40959
41863
42418
44555
44849
47629
47894
48043
48082
48696
48780
49132
49961
50872
51007
52281
52579
52885
53189
53519
53972
54995
54997
55080
55253
55805
55814
56286
56782
57669
58295
58492
58559
60069
60647
60766
60943
1967
2053
3259
3668
4561
4921
5415
5749
6093
2609
2833
2883
1024
1031
2059
2096
2102
2494
2961
4159
3296
1812
2500
2866
2978
3420
3529
3675
3770
3811
3901
4007
4086
4220
4249
4621
4830
4849
4991
5086
5247
5308
5347
5433
5437
5544
5629
5745
5854
5938
6320
1900
4902
5194
5373
6098
7317
8484
26082
32892
42725
72
565
3598
175
2483
5319
8873
34162
56757
1112
237
1068
188
4161
2285
3469
3506
48326
4380
735
1991
2084
2713
3917
4725
4876
5026
5463
5833
5949
6280
6508
6731
6820
6880
6887
7158
7203
7235
7368
7439
7449
7646
8807
8831
8835
8861
8937
8939
8957
8958
27491
27608
27689
27788
27790
27816
30848
31427
31445
31660
31804
33154
33162
33834
33903
34143
34153
34198
34319
34323
34534
34648
36509
36519
36535
36708
37475
37729
38600
39427
39444
39446
40278
40732
40819
41617
41716
42738
43921
44197
44828
44974
45440
45503
45672
45852
46322
46948
48322
48416
48678
48877
48997
49278
50442
50796
50804
51086
51091
51709
51931
52241
52283
52456
52458
52950
53000
53129
53468
55290
56339
59315
273
416
421
468
97
1128
3244
2477
4577
5712
6725
6974
7094
7698
27660
30850
31410
2530
2734
3032
3222
3733
4339
4745
5035
5352
5382
5392
5404
5410
6184
191
540
405
2380
33660
45499
233
2367
3498
1871
2704
2848
1388
2088
2315
3186
3461
3478
3955
3968
4867
5608
6239
6305
6367
27772
574
80
197
556
570
715
746
764
1051
1450
1788
1859
1897
1902
1931
2240
2434
2441
2585
2624
2697
2824
3090
3145
3188
3200
3242
3289
3677
3822
3870
3953
3978
3992
4160
4178
4217
4252
4292
4297
4338
4523
4529
4644
4857
4873
4976
5016
5385
5417
5485
5505
5619
5632
5644
5936
5945
6107
6230
6270
6442
6477
6609
6668
6724
6777
6780
6796
6881
6942
6965
7058
7149
7311
7318
7416
7440
7572
7584
7620
7771
8128
8183
8530
8712
8827
8838
27803
27815
27820
27878
32591
33358
33880
34072
34437
45028
48783
1010
1702
3398
8607
8974
30793
45517
46530
55442
60040
445
1016
2098
2136
2170
2241
2378
2379
2381
2382
2383
3208
3235
3821
3927
4089
4189
4458
4836
4971
5021
5431
5439
5454
6636
7001
7155
7647
7716
4054
4155
4239
4305
4372
6242
6549
6710
6839
7154
7160
7169
7265
7285
7346
30822
2116
493
2043
2527
3693
26
2473
2676
2822
2328
2459
3918
3956
4850
5069
5305
490
759
1111
2323
2330
3338
4079
5522
6244
6537
26606
532
573
793
1156
3749
3538
4587
4633
4672
5436
5872
6561
7088
7092
25752
38304
46723
55052
4447
1665
3638
3699
7004
8614
30816
31162
31223
31685
31694
45208
55267
56152
56915
83
469
511
747
781
5420
5573
6319
3989
4614
8376
8578
27850
27873
27912
550
2062
1017
378
3484
3579
3889
4231
4757
4890
5610
5668
7334
1191
2802
3142
2681
3269
4366
2560
3950
4347
4388
5425
5791
6063
7459
7827
8225
8369
8485
27434
27838
30846
31903
33672
33683
37731
64839
321
422
782
287
365
461
467
605
938
1444
2025
3094
3182
3194
3422
2269
6776
31359
51884
52042
52448
55274
56885
59725
62293
63992
2073
4450
1003
5313
187
449
3697
4294
6798
6970
7023
7834
34338
137
612
828
3627
27839
935
2356
2472
2558
2937
4485
5985
27255
5221
43560
1804
2428
2722
8
243
103
618
731
835
1006
1008
1167
27648
2347
2475
3251
3466
3700
3872
4242
4410
4635
4688
4705
4789
4803
5940
6179
157
298
558
649
1162
1180
1460
1575
1841
2173
2175
2179
3047
3077
3419
3447
4772
5056
6896
7018
8016
484
888
1332
1474
1547
1595
1822
2077
2092
2122
2429
2566
2753
3036
6889
6936
41566
53894
57368
58315
59784
60072
60074
6645
6774
8910
47970
1351
2165
1488
1493
4367
5095
5777
5792
5810
2346
2519
2633
3528
3930
5354
2338
3285
4638
2513
3412
4508
5970
27706
3879
4015
4916
6595
7841
27728
33679
37386
53121
56801
57528
58025
59985
61073
3646
5172
6008
6890
6975
7484
8019
27416
33171
38886
44937
238
2454
2851
666
3302
3920
5890
6986
7937
8012
8836
30803
31184
52287
3993
190
206
1821
2499
4440
6761
8604
8947
1611
3795
4091
4307
4487
4537
5379
6202
6770
7349
7767
27851
33145
39449
42004
47202
48262
50162
52967
53550
55069
55118
55269
55280
55363
55402
57243
193
606
1995
1996
2121
2517
2525
2553
2898
3557
3708
3835
3961
4124
4354
5923
30
1860
275
813
1453
1839
2035
2188
2255
2259
2306
2506
2574
2888
3004
3325
3824
4317
6232
6238
6373
26150
5928
6223
6672
8972
44022
45186
47423
47518
51575
52722
53318
53993
55451
60293
1117
959
5681
7306
27611
47997
55908
58306
132
251
384
2521
4285
7297
241
297
5607
5643
447
1880
2071
3158
3457
3620
4536
4563
4599
5039
5380
5470
5472
5601
5640
5963
5974
6170
6178
6237
6427
6436
6639
6810
6832
6856
6950
7009
7250
7474
7493
7624
7811
8711
8753
8865
44204
45928
46850
56251
57640
63082
3202
5121
6981
6988
7939
8188
8341
8609
25753
25766
25963
25995
26002
26052
30701
55063
55830
1342
459
1627
2262
3634
4216
1726
1971
2045
2263
2497
2549
2592
3658
3936
4129
4626
4700
5171
5329
5525
5530
5667
5705
5881
5882
6803
6882
7003
7163
7223
7380
8361
32031
45431
48982
51698
52644
53464
43396
6679
26865
31225
34271
43708
47099
47640
47644
48304
48412
51080
51939
52245
54612
55765
56587
56775
58078
58299
58803
59016
59336
907
3548
3653
3787
3794
3830
3858
4642
563
6299
6370
6454
2033
3204
3324
4709
7123
7247
7300
7366
7570
7842
7980
8872
26680
5966
5239
4082
6290
40946
42723
53435
53953
55687
56145
56805
57464
57910
58622
59022
982
1487
2448
6580
1668
8800
8959
548
617
632
1477
1621
2327
2714
1014
2751
2780
2784
2828
685
1410
2074
2418
3069
4801
5142
6216
6247
6327
7619
8191
25868
1783
3183
1756
960
1067
1069
2201
2904
5646
4495
6206
6779
7190
3790
3769
3855
3964
4206
4475
5004
5241
5637
6038
6356
6978
6980
7020
7211
7560
7585
7730
8040
26148
34150
2038
3206
3177
3225
3865
3946
4153
4167
4228
4265
4341
4343
4368
4728
4895
4900
4989
269
27808
166
312
882
1612
1703
1752
1843
1855
4918
6437
6441
6990
8337
8661
25908
26085
26138
26144
26491
32721
42015
55276
1456
1585
2280
2404
340
824
1874
2589
2536
3257
3689
354
1011
1382
360
1044
3430
3823
4024
4173
4423
4999
5114
5358
5475
5783
6101
6612
8011
8459
8718
8933
26078
33832
34523
36527
37240
39419
39886
41527
48698
50685
6982
533
3926
2419
3214
136
1437
2925
2972
1723
1381
2399
3963
5220
5414
5803
6014
6536
6564
6687
2373
2774
1675
2882
3002
4284
4792
6168
4256
47044
56788
4052
4639
4721
4756
4992
219
2432
2554
3016
3143
4126
6129
1793
2930
270
33158
1018
980
1472
1769
6338
37384
40581
52328
52668
52975
54094
55232
58047
58162
394
1447
1671
1983
1985
1986
2107
2199
2995
3308
3553
3797
3896
4266
4994
5419
5611
5493
5497
7405
709
1346
3882
6006
6593
2775
295
518
1999
2095
3015
3544
3919
4557
4613
4936
5090
5214
5442
5638
5999
6784
6813
7040
7095
7757
7831
7832
8253
8404
32116
32139
263
472
1040
1076
2445
2548
502
375
3694
3695
43926
50440
59615
2709
2977
3109
510
998
1662
1976
3050
3898
5506
5786
5941
5943
6057
6154
6185
6222
6281
6284
6862
6909
6948
7014
7048
8593
8639
8870
8907
8977
27584
27604
27674
27875
27905
31114
33615
35015
38992
39234
42730
43684
44709
47254
48879
53125
3055
3734
3746
3789
3786
4765
5024
6342
7122
26425
31116
63113
63131
40826
6294
701
1699
2152
3313
5139
5915
6263
7016
7036
7101
37739
38388
49647
49793
2415
2430
2749
3330
3333
3350
3425
3426
3449
3465
3496
4777
5983
6257
6597
6914
7577
8426
26005
26012
26122
26269
26270
26285
50005
59387
62801
62803
302
2286
2361
3837
3838
3839
4541
6250
7982
26386
26614
26729
32291
61132
1438
202
2037
2168
1130
4824
294
705
1428
1507
4165
36276
2149
2967
3211
4043
4211
4436
4484
4835
4998
5118
5588
6127
6162
6195
6963
7107
8923
26303
31035
3406
3806
4411
4714
4795
4800
331
5097
5117
567
850
443
1582
5975
6020
6039
6082
6335
6743
7379
7389
7840
27882
390
6531
3707
2846
561
645
1149
5381
6042
6158
6191
1063
2827
3370
3973
330
124
228
437
732
201
5137
547
1445
2900
3029
6482
388
659
1780
2538
2626
3117
5288
626
725
795
808
862
871
873
981
1045
1071
1133
1168
1318
1398
1436
1448
1470
2032
4104
6266
1707
5767
5912
6058
6568
6763
7437
8667
36401
39435
43679
1654
1631
2016
2055
2835
4053
4142
4224
4254
6768
2962
2845
3721
4108
5927
6118
619
703
1473
638
2050
2364
1829
26745
31367
1866
1526
2492
3086
3781
451
453
1043
1397
1551
1816
2190
3500
571
1600
2757
3167
3599
1565
2568
3056
3854
4373
6183
6765
8158
27020
2279
2337
2765
4417
4961
6132
7069
8915
44788
1475
2147
50794
54736
366
2172
4748
6040
6383
6744
4474
27193
27340
47830
419
460
528
656
877
1005
2052
3928
3971
148
687
6519
6888
8387
31687
7060
8637
8796
2651
3364
4395
5034
5204
5772
5839
5840
7045
7216
7912
5105
27563
33896
254
2820
46559
3501
3549
3609
6625
332
6159
39869
67
582
1432
4056
4164
3731
3550
4429
5944
26485
26222
26398
26838
4345
6002
26965
2040
3446
2491
6196
1163
27826
33639
37855
47999
57530
58351
60756
1669
2806
3392
4143
4274
4515
4603
4815
5099
5585
7052
8008
6123
42094
3705
4574
5363
5765
5958
6485
6946
31431
33410
33646
36513
40339
42734
47952
54004
58105
722
1856
6332
178
1623
3051
4812
6598
32019
5684
3286
3316
313
6760
7365
5309
8663
27555
46347
47793
217
2042
4205
4719
2555
519
1406
3473
5732
6394
31934
42018
4821
6289
7307
1389
5931
4811
5462
6699
7089
8039
8129
26976
52952
58303
59731
62250
4770
39231
8982
2386
2392
209
3428
3539
3851
3957
4095
7364
1770
2769
3547
4236
4302
4334
4390
4391
4559
4847
4872
4965
5450
6293
26350
32582
37382
39414
44864
48598
48744
50274
50912
53921
55094
56274
56333
57147
58191
58293
58806
60291
63859
2613
126
611
2789
2790
4480
4500
4618
5383
5633
5799
6790
7035
7079
7942
7984
8732
8773
37720
54771
56171
283
1604
1681
2812
2817
3710
3761
3764
3841
4207
4477
4597
5140
5180
2590
634
1556
1760
2503
2786
4233
779
3563
7057
8650
8782
8875
8989
25833
26084
26393
27828
36525
51471
4194
5341
6864
7062
7833
7835
7979
152
184
776
1666
1733
2385
2928
179
3238
2049
2856
3649
3672
2727
392
1352
3718
3758
4572
4605
6337
7030
8582
8948
51412
55284
55286
49
309
853
1728
1846
2425
2444
2481
3295
3329
3410
3807
4183
4191
4275
4555
4698
4911
5372
6173
311
3320
3323
4654
4673
5054
55444
3722
4533
4863
5780
6243
7103
7920
37380
48591
1992
39416
44731
54281
59306
210
6481
6678
3432
3766
3767
3768
4001
6470
7017
8446
8908
4806
5526
6151
6211
6526
6542
6945
7172
7785
8656
8755
8848
25771
27744
27797
31364
31702
32649
46855
53161
55555
55721
63698
956
1511
3738
3943
3057
3925
4172
4396
4496
5853
6547
6811
6885
7354
7616
7763
7792
8862
8884
26349
26504
47261
182
4357
5376
4303
245
2198
5038
8454
713
1000
1420
961
4188
4296
4534
4562
4945
4957
5012
5109
5148
5353
5361
7303
8809
25827
1925
2847
3736
4695
6277
7071
25999
33677
4842
6734
7562
8605
8912
27368
27869
49130
55995
4147
6670
36537
43376
60530
61024
62434
3987
4738
6056
26302
45658
49284
84
3199
3799
3816
1312
1484
2744
4804
8264
5227
7314
27899
636
1330
4063
6428
8610
2781
4386
5206
4248
5074
4519
4340
5537
6717
6769
32124
32285
33649
59382
4030
5076
5389
7320
7375
7579
8642
8860
8916
34532
42002
45880
46972
47122
48522
49274
49824
51084
56949
59258
3138
3423
4586
5256
5947
7177
7299
26133
26562
31584
33669
47805
58347
58418
58490
59018
60487
60946
61323
2129
2260
840
1854
1972
2705
3965
4819
5062
5131
5466
5568
5977
5981
4300
7714
8365
3605
1609
3230
4755
6616
1529
2377
2615
3840
4000
4169
4195
4518
4532
6884
2051
4468
5314
1355
1762
4472
4497
4670
4697
5046
5606
5731
6602
6748
6966
7951
26603
5359
2561
5080
5296
40723
40955
40966
2646
2782
3124
3567
4080
2283
4435
3843
870
5284
5285
5240
6077
6201
7304
25893
41573
3906
513
568
3909
4151
4179
4399
4712
6571
7362
7773
8270
41769
43460
49312
59440
2332
2647
7990
8221
768
6387
3049
697
5784
26246
53447
1119
3319
3568
4793
3595
3921
3922
577
664
867
1858
8690
220
1928
2079
3038
3139
4078
988
1869
2027
4244
389
4375
1550
2104
727
939
1502
1516
2246
3349
3492
3719
4237
4897
5263
5279
5575
5649
5660
5818
6072
6228
6366
6533
6665
6700
6713
6983
7061
7208
7217
7266
7302
7309
7879
8295
8373
8410
8918
41575
45732
60514
5628
6902
6959
8025
37853
43928
56156
58297
59594
3092
6182
27636
34164
46959
51694
54193
5226
436
5427
26280
4753
5312
5324
6619
6638
7707
7743
8266
8362
8574
26152
807
4501
4899
5033
5677
42007
55999
56176
3132
992
2026
3372
4862
5023
5728
5815
6022
6886
7039
7321
7791
8268
8846
8931
26698
27830
27837
31867
32668
34536
35957
37727
40614
43558
43871
48161
48319
48593
49265
49280
49910
50851
51933
52606
53974
54284
54785
54787
54999
55116
55154
55272
56607
58706
58876
6251
45730
47465
718
5348
27397
58376
61986
61248
75
726
1144
3562
6060
7199
7352
4704
6311
6424
6455
6516
6562
6785
6826
6984
7054
7085
7614
8460
8487
8525
2767
181
1426
1592
1881
2031
2800
2876
4788
5889
3678
4278
4488
5111
5678
7637
26231
26903
33621
34326
45666
49396
60763
1539
1910
2440
2604
2885
3003
3817
4026
4168
4208
4240
4267
4416
4428
4441
4543
4779
5763
5821
6148
6269
6368
6816
7225
7485
7586
7786
7894
7915
7932
8121
8748
8757
26704
27370
27879
30892
32657
33421
33838
48741
50658
52767
56508
59590
60135
60295
60333
60418
33644
47725
50514
54962
55729
56715
59995
391
2305
2267
3716
4227
1647
2153
3802
3997
987
1341
2047
2629
3144
6600
7899
32300
6181
6452
6845
8291
8652
33138
62049
3318
3531
4243
4503
4547
5276
5335
5965
6261
6400
7480
8017
8167
8379
30898
717
1933
8797
1863
2831
3958
3834
4564
1384
887
2234
2293
62374
633
660
827
1002
4068
791
45668
46965
59037
6496
3399
4796
5048
4578
4930
7195
8600
25891
3714
4092
4952
8677
9004
26554
39052
8131
26834
59392
44193
976
463
498
526
572
984
2326
2836
26750
7355
7790
614
696
2907
1423
4442
885
2281
4483
8534
8965
43869
43917
48520
385
1613
1651
1652
1677
1744
1533
2680
2799
3054
3445
8130
1310
4711
5232
6416
26476
4083
4589
5916
6306
6850
6868
8259
8880
25855
26770
52435
55895
63876
2063
3171
106
6163
6344
2128
2766
1901
3281
4312
4884
6673
3796
4065
8731
4273
5838
6540
6876
8367
8573
27792
33592
1807
4579
4632
4956
5262
1563
7399
8806
27685
42740
46572
3326
3388
3867
4076
5287
6471
26155
27022
33134
53578
7826
43914
7236
7812
8537
1509
2689
2825
2832
2864
2865
2963
3001
3010
1975
2668
2868
7259
2649
4133
4184
4736
5538
1605
777
834
872
3593
7319
5134
2101
2559
2634
2661
4602
5600
3655
5664
5621
42011
4785
5001
5435
7817
25828
7161
8257
8451
25841
25870
26294
26464
841
5680
1026
2400
3673
4337
5801
6478
957
1331
2678
4257
4352
4521
4959
5582
6212
52694
3453
4769
6382
6646
7580
25952
893
50842
7377
56941
2674
3299
4699
4727
4743
5187
5190
5486
5665
5809
5901
6265
6484
6545
6938
8913
32025
32298
32593
33826
787
1555
2627
4664
5081
5743
6971
5468
25746
25850
45335
4898
7075
4116
4473
4922
1998
2242
2537
2829
2853
3180
3537
48032
2308
2823
3558
5942
5721
8651
5337
2226
7396
6696
1114
2345
2388
2982
40148
2512
3486
4384
5873
6285
6322
6676
47950
49772
2426
4389
6012
6714
6989
7809
26782
34336
43744
58107
3680
5795
5022
5825
6967
7056
7839
8516
8765
8767
25763
25929
25954
31270
41585
44168
47306
6468
4851
5251
54796
64614
2659
775
4693
6051
8535
33817
5093
5808
4420
4706
5087
5406
5604
6459
6837
6991
7080
7087
7227
7753
7821
8033
8754
26663
43333
49200
3883
4154
7010
59604
343
7456
33819
55732
1626
2787
3669
3732
4353
4463
4686
27618
34330
36533
48791
3616
5830
1439
1581
1862
2656
3284
3427
3715
3923
34520
52462
5104
6789
8273
31606
439
1899
2339
5205
5891
7713
32385
1596
4331
4414
6592
6193
3017
3696
8045
2903
4125
27186
192
3892
6535
8808
32017
32296
43556
5513
6032
51077
54648
1865
320
3240
5451
37
4780
2451
2655
3885
4213
4514
4620
5211
5212
7117
9010
200
359
690
8855
8882
8885
8896
8902
8903
8932
26203
26230
26488
26734
30977
32058
32076
32078
34645
41014
2573
876
2307
2587
2816
7338
31408
46062
58309
2526
744
2543
3417
3748
4259
5499
5753
6192
6314
6720
6860
7185
8201
8494
31435
25826
33454
25755
25886
25930
31528
32160
41411
47907
50160
4255
32213
62336
62394
30894
49649
706
716
1075
1311
5399
6386
51088
59126
2365
4636
7150
7381
4459
31429
120
1038
8805
8482
61240
4526
2755
5368
8828
3288
1926
1932
3436
4316
5988
6233
6999
7086
34321
1943
3575
4885
5332
2834
3600
470
5817
2667
658
1640
1742
3937
4158
868
6375
129
2873
27523
1169
4201
4281
4282
4486
4655
4813
4966
5061
5238
5340
5605
5709
5845
5869
6226
6345
6358
6582
6613
6614
7012
7051
7128
7888
7923
8015
8401
26199
4004
4046
7142
8254
51925
55577
60832
62113
62849
63436
64957
7781
7784
50923
3012
26564
1329
1977
1978
1979
1980
1981
2838
3382
1773
3771
4400
4942
5003
5939
6680
6782
7991
26007
26249
26258
26289
26495
26567
51127
53883
57845
59105
1501
2695
3502
3374
1655
2119
2992
4517
4560
5128
5555
6054
4313
8730
26283
43910
44301
59519
60397
7258
7024
42732
45635
50158
51037
51927
53004
54331
55110
55176
55205
57353
58246
58291
58301
58627
59404
59721
60322
60522
4146
5416
7918
27765
43419
48142
55278
56169
1490
1767
4230
49220
723
8739
31150
32469
34002
1181
3371
3584
3711
4110
4175
4615
4674
4828
5170
5642
5645
6405
6413
6797
6851
7884
26174
26422
397
2999
1549
3590
6525
6660
6849
3709
2809
3597
424
487
3979
6141
7006
7261
40574
44840
48414
473
966
3368
2768
3514
3914
5787
8364
993
1814
3951
4286
4318
4588
4871
4892
5011
5158
5467
5631
6334
6422
6450
6630
6735
7125
7181
7702
8147
8481
8662
31030
31251
31260
32162
32349
47978
49666
64716
6732
1984
34530
3613
3619
958
2562
1123
138
402
790
816
821
822
843
845
855
856
857
884
889
895
985
989
1052
1055
1058
1062
1098
1115
1118
1134
1137
1140
1142
1143
1145
1146
1165
1166
1308
1309
1313
1314
1315
1316
1319
1360
1368
1383
2748
4879
6248
77
2534
2113
2460
2461
2514
3013
1153
93
387
411
2479
4325
4908
5465
5687
7442
8684
8696
8795
26094
26694
27316
27722
27833
33750
4113
4466
26688
32743
1087
4193
5409
393
2556
4676
5357
5548
5581
5960
3150
32460
45106
5224
4977
566
1486
1811
3063
3282
4335
4766
55768
7782
8905
3110
2522
1579
1583
5836
3540
3656
3657
5375
6374
6403
6629
6649
6524
4152
6041
55946
2164
6390
6480
3205
3621
3652
3970
4794
5165
5909
7115
8258
8261
8680
8906
8955
27664
1458
6425
33085
60753
5040
6126
7492
6005
6464
8330
2044
3025
3670
33539
1496
3845
972
5028
4746
5874
6937
2535
4141
7450
2449
4619
4683
3340
3691
3782
26696
48596
32598
6288
8044
386
1787
3585
4081
4098
4185
4841
5168
5458
5868
6046
6414
6419
6472
6900
7050
7055
1850
7276
8735
27509
31193
38294
53460
4139
1891
2446
3024
3454
5850
5935
6219
6245
6272
6842
6940
6976
8938
8956
26492
26875
26915
27338
27408
31032
31807
34018
36477
43987
44911
47394
47937
50447
1577
4798
5503
48560
1731
139
3149
5184
8024
31433
50792
1906
7457
7626
8190
4660
6379
62081
1825
1798
4462
5106
7395
8799
6140
50229
51705
54513
56389
7082
652
4580
4735
6505
26413
31594
54256
54732
4342
2056
2665
1632
5428
8332
8788
30970
7406
1887
2798
4511
4771
32009
6599
2776
4451
45074
54276
6124
7059
45501
7574
4778
5461
5627
5657
6207
6252
6329
6683
7372
8594
8813
8833
45361
7286
3385
3393
3401
476
545
4622
2362
4279
5167
6840
32525
3933
5521
5164
1602
3287
6357
6457
983
2284
4763
7976
8062
8123
41721
325
6554
2597
5264
7369
8666
32589
5829
5993
2523
2733
4522
4829
5297
3974
7093
679
6550
4731
3908
6186
37736
2270
4200
5509
5888
2157
1867
797
844
7843
963
2191
4376
5742
8331
32022
32261
64620
1692
7487
5987
1421
2638
2685
3172
3345
3375
3792
4192
4277
4324
4328
4360
4403
4492
4493
4608
4631
4652
4653
4685
4696
4717
4767
4786
4950
4982
5041
5143
5149
5196
5199
5290
5480
5552
5596
5655
5694
5699
5761
5797
5847
5922
5924
5930
5934
6087
6103
6116
6169
6225
6260
6308
6498
6517
6520
6523
6577
6655
6657
6658
6747
6749
6766
6859
6923
6924
6925
7102
7104
7119
7178
7200
7205
7228
7239
7255
7273
7283
7388
7408
7613
7617
7675
7719
7723
7770
7787
7813
7845
7890
8003
8118
8238
8294
8339
8377
8447
8503
8522
8524
8526
8540
8543
8571
8591
8634
8649
8657
8669
8678
8692
8700
8715
8716
8725
8745
8850
8852
8857
8876
8890
8897
8929
9001
9002
9005
9008
25937
26112
30942
30949
30981
30996
31467
26758
6951
8372
55288
1504
1659
1922
2545
3154
42053
3586
3602
2614
3692
4180
4877
5323
5390
6458
6463
7171
8941
8967
6730
4805
4810
4645
6009
40337
56563
3116
3309
749
3887
7331
43899
57274
63062
2886
751
846
4996
5085
5802
7705
8338
8629
8768
25898
26695
4852
4854
4162
5000
6341
27843
48872
1657
1817
2544
2869
4314
4737
4197
8385
60950
61352
2103
4371
33
3283
46974
57536
2777
2304
2507
2892
2964
3187
3218
3509
3900
3903
4072
4271
4439
4702
4870
5136
5258
5351
967
2998
771
2984
51991
56001
792
3245
4288
5145
5268
5856
6262
7134
4348
5484
8643
2807
5094
264
3587
3648
4827
32371
6546
7260
45175
6927
620
2586
3976
8134
131
8456
8998
4864
4181
1138
8260
27866
59107
7037
53
462
1415
1514
1538
1714
7192
4822
4241
5460
5672
7345
31221
33150
51660
53207
5531
50858
291
3944
4074
3690
4524
5092
5141
5193
5246
5760
6050
6203
6298
6559
7340
8814
8946
26566
26841
26870
33126
40851
43919
49013
49282
50798
50806
55241
57951
58156
59421
59810
59900
60937
62999
1656
3378
4583
5068
5071
5075
5178
5322
5328
6689
7251
8119
8919
8954
56908
5532
8013
8383
3846
4182
4355
4630
4665
7374
54780
1746
4332
8302
478
564
4598
4962
5096
6392
6410
6423
6558
6605
26371
49524
50802
60939
56921
61961
32361
1993
2358
5130
3895
5564
5591
5883
6371
32352
4048
2298
6045
2663
2666
3659
3878
3934
7878
8496
1750
4691
4987
4687
3303
530
5321
5571
7096
7100
2258
5369
5018
8598
57504
58972
63239
3085
3119
3216
6229
90
2299
4471
2884
2974
2979
3660
3661
3662
3663
3664
6642
8576
6775
48883
2292
4601
3127
4775
4972
6105
3777
3847
7650
2008
2462
3860
6231
7490
7772
7898
7944
8063
8069
8124
8236
8392
3268
5789
6446
8655
26101
26181
46919
8272
600
2577
5161
5192
5663
5696
6036
6092
6931
7326
27432
31362
32584
45382
50066
51174
55100
3588
3414
3610
7411
8149
26558
1322
1323
1324
1325
1326
1328
1771
6143
2498
2754
2855
3021
3026
772
2466
3637
6144
4634
4680
4960
6723
4123
5395
6346
6037
4520
6493
7383
8531
45062
45442
33164
44972
794
49314
3137
5063
5174
5800
6047
6259
6312
6671
7068
7114
7194
7815
8391
8521
8999
9000
2487
4707
4925
5005
5036
5641
5819
6065
6066
6076
6120
6439
6521
6610
6684
6861
7047
7083
7111
7249
7945
7947
8222
8395
8407
8775
8920
9017
26241
26974
31522
31737
32049
32170
32853
34482
37545
43908
6563
8133
26163
5980
7418
8093
27271
31785
31900
31973
3161
7157
59369
4629
6246
6681
6702
6992
6994
7015
7393
7891
8153
8378
8675
8728
45662
7846
6637
6692
560
4818
3886
7988
26513
37477
43836
3122
3520
3642
5123
3192
5452
8815
4156
3564
3820
310
5188
4682
4694
26170
7033
2902
1349
8504
40817
53002
50445
4431
5289
7078
3991
98
559
641
847
2007
7578
8695
25839
1508
404
1039
1434
33603
4724
5722
7021
7201
34334
64030
3126
5520
6108
8189
8826
26394
40887
48214
6648
5561
4940
5622
5490
2552
2061
6453
7847
8043
5714
3215
2515
2516
3043
3666
5691
5734
5736
5737
5738
5739
5740
8676
8829
31724
42009
1796
2215
2220
2223
2225
2957
6061
5079
5518
6115
6998
25757
26038
27876
30991
33136
33675
33725
34767
39307
44595
46803
52356
1455
4856
6509
6641
7385
26713
30747
38188
4986
8488
26472
925
962
974
1160
5155
5859
26240
54075
119
6762
5898
8987
55553
8400
25865
6078
6013
6566
6703
7701
49263
8227
25835
26791
1154
5986
6064
6073
6495
7180
7221
7238
7333
7896
8462
8752
25773
25795
25943
26113
26414
31588
31854
33905
39369
41425
44978
49355
53038
64575
65091
48342
56003
5961
6313
4289
6647
1463
2036
4127
4130
4513
5215
5344
5396
5615
6475
7198
4250
3190
3884
5741
2264
6844
4504
6750
3960
4625
5529
5597
7005
26681
26811
31628
33836
54198
60880
63433
64900
682
5243
3894
6119
8703
26599
6430
2897
48600
4565
3497
6694
6352
6411
7019
8824
26198
34624
55926
6756
3121
5933
8502
2758
27812
2458
3924
26388
398
4330
4538
6486
142
400
657
683
738
752
770
6705
6801
50011
1335
1679
1987
2878
2480
8480
5209
7108
26547
53574
7066
2192
2309
6964
8996
5929
5962
7305
5828
1070
2895
47646
756
5501
8631
8056
26726
5534
4689
5426
2960
3131
3995
44929
3833
2635
2636
2637
2650
2652
2653
3757
3832
3875
5228
6395
6804
7881
7913
8004
26306
6628
3765
4505
5773
5852
6090
8720
1519
32600
5595
3759
8606
8664
6872
42721
59910
6325
5823
6588
6895
7183
30818
34063
52375
54372
54621
58839
62437
4742
8595
33495
5964
6476
6812
5286
8630
8832
820
1531
1534
1548
2811
2821
2911
2933
3151
3207
3209
3314
3337
3377
3413
3517
3522
3803
4176
4434
4469
4481
4590
4606
4607
4609
4627
4797
4923
4984
5037
5078
5088
5116
5175
5179
5231
5249
5345
5384
5517
5593
5659
5842
5978
6068
5423
2510
7026
6921
8126
25947
32375
42900
5166
31700
1698
2452
865
874
878
2675
5441
2741
6376
31263
255
4582
167
623
890
979
115
130
143
399
499
598
643
644
684
699
712
730
758
812
815
1109
1158
32158
38499
51911
61434
62912
2785
3737
3780
4869
27783
8577
32239
58783
32314
2578
1864
5457
4845
430
3048
7764
2778
48943
57223
4379
4394
4837
5360
579
2158
5029
6147
7130
25825
54686
6701
32383
1174
27865
56141
3165
6138
6205
6718
6737
8756
189
3472
4093
4594
5748
6083
6578
6603
6727
6823
6843
6997
7219
7248
7336
7822
7883
7949
8057
8202
8486
8527
8618
8719
25866
25945
26117
26139
26158
26359
26898
32369
32844
36056
36553
49007
51638
61724
6255
61246
8659
6871
7636
31424
44759
7270
3775
3402
4301
4573
4761
4832
5100
5723
5733
5762
5834
6071
6180
6234
7222
7224
7308
7415
8499
8727
25962
26189
26629
31104
31689
32082
33036
34359
40952
53887
6174
1443
4773
6688
6878
3881
2039
62344
9003
60037
4445
8978
226
601
763
796
859
5543
5717
5918
57534
61262
7011
4398
7126
8143
8751
1106
4659
5350
6877
5598
59026
49642
52715
54278
7197
3800
57526
60516
4120
4476
4663
7312
8761
8869
1664
2773
4058
34540
53127
6556
7919
25964
25975
26743
26842
26934
37335
39474
41627
45412
51277
60484
61967
63768
64283
4290
5274
27841
46430
5455
6388
57499
2257
6736
4759
5443
6249
6686
7378
31422
33499
3776
51418
6752
6805
8585
8823
49347
5550
5990
6177
6227
6354
286
244
3931
5779
5862
8839
32011
2813
4099
3913
4953
5181
5302
5692
5860
6815
5387
403
5150
5160
5774
7113
7882
7989
8723
46865
57532
60768
5614
6596
64969
128
4145
6910
4101
6396
2256
2602
2603
2632
3305
3344
3348
3351
3459
3530
3636
4097
4196
4656
4838
4949
4997
5189
5592
5746
5754
5794
5858
5884
5911
6121
6236
6258
6653
6746
7029
7202
7402
7901
7930
7959
8092
8136
8206
8265
8587
8710
8818
8894
32625
47124
4726
43934
6919
8196
9013
26134
26313
47956
4610
4913
4576
6817
8512
5653
5897
6939
7914
8070
8603
33781
38701
55257
63312
7241
8660
8844
1795
3570
3880
3888
4107
4364
4910
4919
5058
5835
6070
6961
7049
7053
52712
4858
1718
5764
6135
8142
3490
4668
5230
5233
3391
4490
6544
8733
4199
8766
31079
49205
55245
55250
7351
3335
823
6510
8749
3687
5185
6160
7488
8455
8934
34643
44633
48061
60137
7328
7935
7391
8127
34583
3403
26693
62956
52717
56158
1164
26251
3474
8971
8994
2981
4860
2934
5091
6771
33830
47516
49526
52279
2994
5052
6015
108
819
1110
1139
1400
1424
1430
1433
1462
1467
3942
5671
6150
7455
8381
8779
31255
57476
60289
3437
401
6089
40962
59912
61646
2214
5234
5997
6176
6585
6825
7081
7414
7756
8140
8220
8518
8611
8771
8774
8778
25900
26147
31042
32234
32674
32875
33072
47723
49688
55854
63283
8726
4502
5612
2756
5260
55851
8374
26366
47721
4482
3625
7272
6875
4861
5098
5519
6029
47810
48518
6652
6809
7704
27544
31156
26521
26524
32354
47274
58520
1553
1743
2909
5710
3674
7179
33685
5907
3975
8868
1599
2368
3491
6996
26819
2703
629
4904
26788
6451
4549
33188
6391
4157
6854
33124
6030
5084
5473
7948
7958
7992
8681
30721
4494
4115
624
4666
4791
5831
3106
6527
6307
4118
3905
5790
6096
8851
8895
32381
36541
37211
44889
4807
5278
2464
2854
3805
4397
25906
30712
2743
5512
5908
6644
8841
27564
31004
3042
55071
7246
8685
25946
6474
8759
9011
26577
6146
5115
5429
5549
6438
6445
4253
7002
5769
8619
1574
8689
42013
5407
2673
5082
1528
7131
3912
3352
4064
5590
6757
7032
7226
7278
8095
8141
8746
8790
8793
26616
39715
134
4261
34579
3064
5315
6017
698
2030
2576
2914
7294
6831
8421
27884
46772
54745
3853
4363
4550
4716
4790
4948
6075
59729
8397
26700
32646
5725
32289
7922
8683
39408
47384
39441
7742
5273
5599
64418
8671
51903
2965
5318
5832
1001
6102
6134
6267
46574
6587
4581
5482
6033
6240
7041
8864
8911
32084
52591
8035
26810
7448
55261
59143
5824
60674
3343
8713
48711
6677
3945
5448
5639
6883
5946
52460
62155
5491
6792
6200
3136
6415
64249
6091
7329
8252
26271
26497
26527
8935
6570
27513
6194
39703
8769
8743
8842
8901
26509
5496
31610
7284
4893
31909
4109
6011
8375
7738
32056
61160
4751
7257
7275
6351
4122
6828
7232
43912
64231
7775
2910
5336
33168
3774
5031
37955
56945
1628
26096
5730
5411
31698
46337
5771
7571
3954
1877
5729
1495
3065
654
1820
7567
3331
4137
4222
4510
5208
3433
5864
8293
26462
7315
651
6381
6515
6926
7339
7344
7936
8203
8232
8625
8758
40988
3941
5006
5556
7152
284
49110
57690
2658
4140
59256
2783
6751
53988
5386
5984
6139
42021
47148
52037
6095
3560
5972
6738
5488
5806
6682
8262
6019
6513
7196
7479
8329
8458
8572
8744
8921
9007
9014
31247
32151
6407
7343
31038
44777
2156
26487
2850
32153
1122
3902
3650
4935
5770
26326
59727
4883
5217
4528
44225
5365
4831
3577
7565
8615
8762
51857
1781
4382
8608
4933
5301
5562
5317
32166
27716
5580
6384
2233
61075
40833
60411
60745
4044
4931
5542
7204
32333
6995
3829
1819
6408
1557
2564
7953
7954
58652
25901
51678
53143
4907
7141
47836
6691
7140
7370
3162
6827
4648
5759
7699
8187
8612
8698
8398
26128
8544
60760
6353
55492
53349
58879
33451
42634
5356
5432
33681
6349
61394
7112
5207
60363
6434
1724
5216
3589
4752
30883
26339
57401
5675
7175
7623
32620
6190
32677
4430
4894
39896
27362
56167
7986
36397
40969
6049
5362
5587
6462
6469
8388
5886
8168
26465
8811
53999
59715
61071
61250
61348
4575
6528
7106
7220
8423
8463
25798
25916
26364
31000
31950
61729
64983
7814
4596
59014
61697
8964
39390
60161
8694
8729
8794
41025
4171
4287
6557
27695
44613
6706
7279
26107
27376
33113
55156
64990
61705
2265
7148
7287
54505
61312
65011
1170
4747
7316
693
5953
7264
26796
50259
54510
5355
44399
32617
50003
5626
45525
4032
4320
3431
2319
8960
5982
6604
7176
7758
7761
8583
8586
8845
25762
25793
25903
26226
31107
32389
40010
48682
53833
54196
4983
774
50189
7789
58655
2737
3523
4739
5203
3084
1905
4096
5487
6113
2343
3866
4377
5280
5844
5910
6161
6465
6654
6719
6830
7138
8402
8519
8674
8687
8825
8834
8878
26544
32781
33321
36392
36511
36545
41136
44073
47976
52016
52413
53133
54328
55440
55498
58975
60046
60147
60948
61253
61361
61467
2218
1851
3804
5032
5495
5813
5979
6295
6488
6543
6623
6690
6865
6930
6949
7168
7262
7358
7453
8812
8871
34158
4611
3346
8403
1685
7625
2945
4049
7182
6651
7253
51082
5042
2200
3611
51
55020
1782
1636
5173
3630
5163
1561
2196
4540
34538
1768
4740
51304
8613
27627
48301
26744
6317
6432
6449
6473
3229
54978
34292
1988
3373
3644
4319
4853
4198
6069
3434
7446
4260
3874
4060
4593
5656
7727
32342
6841
32392
6398
4073
8854
61167
1853
3400
5735
26479
55259
30745
5514
5413
5917
8787
2760
38994
60758
62733
63853
64497
3014
1878
50356
3023
4268
3601
6397
6435
7774
26686
4258
4647
6956
7295
7384
8422
8425
8506
8621
27528
56060
59118
59915
1903
6607
4530
2742
4070
32109
6330
8952
6256
6198
7237
8255
8840
8899
25941
26301
27864
27888
45664
45679
46839
52005
52666
55178
58332
60341
60389
60654
60735
7615
4764
6572
1630
44189
127
7290
7993
7994
8037
5870
6328
7644
25904
25961
53737
3778
5124
6421
7184
7357
7582
7916
8780
25924
26123
30952
36539
50800
52724
57370
4566
5776
6911
7213
7638
8009
8616
8714
8881
25802
25905
25951
51372
64338
5229
39402
25960
49422
1890
625
3848
49276
4050
5567
5083
8453
33558
7483
8760
2887
62553
26345
26649
41831
52321
56744
64285
65133
2317
1520
4946
39398
56633
5726
734
814
6497
54116
60688
61289
62235
5887
8705
27746
63826
31049
2818
4934
5559
7332
63222
4163
6490
4454
7885
6052
6507
6511
6635
6829
8007
40973
5132
2601
6518
7313
4657
8837
38198
27736
48909
6601
57520
6114
2244
6656
6661
44729
33132
33160
4402
7280
33722
52867
62137
6899
5408
6733
4114
4556
4937
5153
5342
6631
55566
4671
57949
6447
4059
5913
31494
5822
5197
5848
7077
7288
32060
2465
7461
8925
8624
32627
1716
395
4715
1739
1826
3027
3390
4346
4461
4567
4750
5647
5648
5701
5724
5807
5925
6302
6729
6740
6903
6962
7189
7244
7292
8747
8867
8892
8893
31447
37846
50147
50153
54274
54290
54768
36152
62376
7413
57538
6326
8588
1141
5755
27734
26985
6802
5841
6318
8292
26187
7417
3495
4749
5846
5252
32825
63515
8922
31148
46653
60503
8803
52838
4358
5200
5259
5469
7917
7995
3123
63033
26228
55901
43932
7229
7872
4209
3041
6492
3940
1849
4134
3395
3850
5343
5609
6304
7031
7186
8709
32141
6048
62511
6443
26379
26861
57478
63989
4955
1989
1990
4100
6800
1558
2591
53769
59607
60044
39410
61350
6024
6621
7818
8483
26124
26211
32395
32632
32792
61470
63676
5412
6088
8988
32882
33296
47264
47728
55955
58439
61123
8889
4315
41336
50619
53835
7097
42602
8927
5906
3582
7541
4667
8686
32174
62836
54910
25977
36531
45981
5235
3962
5546
7739
27778
6404
2814
1522
2127
4150
4817
4825
6292
6487
6855
31680
32988
50583
52561
26550
6745
6336
5020
63760
45221
6109
4512
57792
5182
4413
672
676
1386
1764
2684
6055
6479
8997
5456
62662
4516
7231
56719
57964
65088
43930
26746
591
7985
3442
1930
1708
1720
1740
5535
5536
5566
5579
5624
6483
5533
7159
33152
44058
61354
54934
7146
1157
62390
62203
6759
8900
44815
5492
2608
2715
3184
4781
8626
8702
5711
32126
4491
5307
5706
61931
61465
62792
5744
5652
6726
7783
27679
32444
34353
40491
47446
60475
61037
64034
64321
64622
65037
1715
38843
2438
26277
51498
60941
62383
3237
6278
6393
7828
8267
26225
55507
59333
7353
4669
27587
61950
60201
7350
1567
4637
3166
8658
7563
58334
6010
31747
62385
1709
60141
3389
52227
8963
50151
55419
31682
5583
58185
32074
40964
55292
7621
7398
5778
27436
2508
8944
59795
4362
6781
2896
3236
4295
4592
4650
4651
5183
5471
5586
5863
5654
4944
6149
721
1510
1543
8979
26176
59684
61236
61678
61991
64499
64501
64997
7703
59313
2489
5855
63237
3455
36523
5129
3938
8792
3322
8924
6355
44494
584
3380
5019
6704
3772
59709
6622
6053
3603
32966
42213
8953
56
6208
38320
63479
6026
33288
3233
54734
55255
5210
6004
7397
8194
8672
8898
32120
32347
9012
32149
59339
6133
3228
5554
6590
8647
32090
32013
3665
5476
5948
1765
4924
5144
5393
133
642
7252
4138
5126
5157
5551
6406
34608
7207
4013
4087
4843
5713
5781
8936
5558
4859
3443
5756
5089
5976
32456
31040
31598
3541
5751
5865
37837
6153
7886
26803
62970
64508
46034
7289
5798
3212
4202
6456
6955
8736
27573
40494
56511
63645
49528
51666
25737
25914
26982
31188
31547
37976
41699
42681
44587
46664
7267
8962
1776
7170
8363
41564
4548
6136
3239
5242
6221
7622
8617
5044
1107
30783
26561
5919
1738
1524
34193
1568
3058
8777
5880
5213
26159
31309
37287
44653
51314
52929
64245
4684
64197
64278
3164
3488
4456
55417
5338
7188
33688
55726
47049
1915
8721
2955
8991
1815
2486
2547
3907
4204
5186
5658
5926
6324
6626
6627
6788
6907
6917
7271
7359
7726
7752
8380
8382
8701
26868
33815
34185
4985
6824
7191
8628
5057
6343
8224
61255
3828
3059
7129
5703
26136
4385
5394
1789
8801
3572
34065
6152
396
27620
44511
26323
47940
58381
60393
60894
61695
63194
5715
5424
7310
8821
25797
59000
58494
1842
5510
7946
2216
8791
2623
3294
46231
26431
43923
30890
4839
5133
32325
62198
1774
8505
5295
8693
27402
43906
62644
46194
1832
55190
4554
6928
3762
6084
6640
6741
6836
5920
8858
65001
6960
31123
63329
6834
59129
7583
48231
3226
7127
3280
1697
3458
6099
8263
6799
26812
6906
34499
2954
7291
26208
26360
26699
60990
31160
53355
3464
7420
6551
7342
2254
6499
43007
6431
3279
39394
33823
773
789
6117
30994
8579
6575
8986
8990
32862
32666
61937
47634
61816
1886
58898
60728
63339
6043
2958
3631
50354
6795
6848
8886
5248
8843
2740
6608
7816
31553
58367
61257
6529
27109
55844
285
6897
27644
1065
5973
6340
6905
7230
7274
7337
7950
8654
8926
8995
34526
6532
26265
26989
49817
44949
47642
5866
56671
4425
51094
6007
6130
25899
3667
6131
53466
6778
8682
4088
63617
6106
62834
1532
57550
47330
57522
64032
6276
32128
45611
7521
34129
3573
3574
6835
60133
26048
26073
5511
2595
6822
7098
5892
8849
39768
42736
1622
3381
8635
3231
5683
6086
6728
7322
7645
7697
8734
25840
26067
26142
31613
32954
34299
46901
47615
52545
56748
59173
59832
60309
61475
62920
63310
63772
64930
64942
44844
6128
6137
5793
7987
1908
7109
4551
4449
53450
6512
7491
3939
3315
5718
4760
6074
8478
8804
53131
7392
8887
4455
8763
57655
25934
4943
4539
54691
39421
57509
4421
675
47117
63808
51562
4374
6417
3278
63647
61628
5430
7269
33008
59816
50149
7931
32294
4365
2274
4938
8904
37844
8393
6973
26950
40752
27450
5402
6310
7401
7837
7928
33264
38095
9019
26110
3651
31998
3293
32345
47493
62718
6000
5849
25759
6111
6821
5176
57848
6968
4412
59295
5861
26494
826
46258
55620
3485
4051
5195
5695
6500
6913
7900
7725
6866
6972
6321
59908
27857
7341
8335
1830
50594
6489
7144
31112
6494
31930
61264
58808
4269
8697
975
31555
59418
60524
7110
30954
6814
33340
6309
604
5270
3193
5814
65126
8465
8802
26049
31545
47601
48567
50949
52352
56015
63121
64519
6833
54419
3607
4309
32335
40586
5306
7765
8139
7412
7187
62153
62526
7823
1559
8789
6569
6894
7409
6081
6224
3195
6912
8384
8399
3818
4542
3542
31577
54268
894
3336
5811
6171
7174
8450
34473
57484
61269
61357
61473
63446
64701
8992
8993
6574
7330
7356
6274
32602
49644
57811
5366
8722
8240
25782
6846
8536
64427
33608
25931
5576
60618
63276
63662
62254
3009
6819
